[V-KB]
p0_up = 0.0000112
p1_up = 0.0027652
p0_down = 0.0000094
p1_down = 0.0020499

[H-KB]
p0_up = 0.0000329
p1_up = 0.0010491
p0_down = 0.0000277
p1_down = 0.0050169
