[V-KB]
p0_up = -0.602497
p1_up = 315.290221
p0_down = -0.499291
p1_down = 352.42724

[H-KB]
p0_up = -0.497663
p1_up = 230.275383
p0_down = -0.425464
p1_down = 170.800249
