[V-KB]
p0_up = -0.602497
p1_up = 315.290221
p0_down = -0.499291
p1_down = 352.42724

[H-KB]
p0_up = -0.497663
p1_up = 230.275383
p0_down = -0.425464
p1_down = 170.800249

[V-KB-2]
p0_up = 0.002243
p1_up = -1.207764
p2_up = 355.609424
p0_down = 0.002845
p1_down = -1.89132
p2_down = 522.1147

[H-KB-2]
p0_up = 0.002528
p1_up = -1.453486
p2_up = 318.041023
p0_down = 0.001613
p1_down = -0.631321
p2_down = 173.509986
