[V-KB]
p0 = -0.0000027458
p1 = 0.0015872952

[H-KB]
p0_up = 0.0000026045
p1_up = 0.0007605255
p0_down = 0.0000025181
p1_down = 0.0007279436
