[V-KB]
p0 = -0.00274564
p1 = 1.58733979

[H-KB]
p0_up = 0.00260421
p1_up = 0.76047695
p0_down = 0.00251872
p1_down = 0.72802682
