[V-KB]
p0 = -0.00000274564
p1 = 0.00158733979

[H-KB]
p0_up = 0.00000260421
p1_up = 0.00076047695
p0_down = 0.00000251872
p1_down = 0.00072802682
